name: machine_learning
channels:
- anaconda
- defaults
dependencies:
- backports=1.0=py35he88aa47_1
- backports.weakref=1.0rc1=py35_0
- bleach=1.5.0=py35_0
- ca-certificates=2017.08.26=h94faf87_0
- colorama=0.3.9=py35h32a752f_0
- cycler=0.10.0=py35hcc71164_0
- decorator=4.2.1=py35_0
- entrypoints=0.2.3=py35hb91ced9_2
- freetype=2.8=vc14h17c9bdf_0
- h5py=2.7.1=py35hb2c3add_0
- hdf5=1.10.1=vc14hb361328_0
- html5lib=0.9999999=py35_0
- icc_rt=2017.0.4=h97af966_0
- icu=57.1=vc14_0
- intel-openmp=2018.0.0=hd92c6cd_8
- ipykernel=4.8.0=py35_0
- ipython=6.2.1=py35h4a2ac14_1
- ipython_genutils=0.2.0=py35ha709e79_0
- ipywidgets=7.1.1=py35_0
- jedi=0.11.1=py35_0
- jinja2=2.10=py35hdf652bb_0
- jpeg=9b=vc14h4d7706e_1
- jsonschema=2.6.0=py35h27d56d3_0
- jupyter=1.0.0=py35_3
- jupyter_client=5.2.2=py35_0
- jupyter_console=5.2.0=py35hf76c22e_1
- jupyter_core=4.4.0=py35h629ba7f_0
- keras=2.1.3=py35_0
- libpng=1.6.32=vc14h5163883_3
- libprotobuf=3.2.0=vc14_0
- markdown=2.6.9=py35_0
- markupsafe=1.0=py35hc253e08_1
- matplotlib=2.1.2=py35h016c42a_0
- mistune=0.8.3=py35_0
- mkl=2018.0.1=h2108138_4
- nbconvert=5.3.1=py35h98d6c46_0
- nbformat=4.4.0=py35h908c9d9_0
- notebook=5.4.0=py35_0
- numpy=1.13.3=py35h4a99626_2
- openssl=1.0.2l=vc14hf4c37d5_5
- pandas=0.22.0=py35h6538335_0
- pandoc=1.19.2.1=hb2460c7_1
- pandocfilters=1.4.2=py35h978f723_1
- parso=0.1.1=py35he39c48a_0
- pickleshare=0.7.4=py35h2f9f535_0
- prompt_toolkit=1.0.15=py35h89c7cb4_0
- protobuf=3.2.0=py35_0
- pygments=2.2.0=py35h24c0941_0
- pyparsing=2.2.0=py35hcabcaab_1
- pyqt=5.6.0=py35hd46907b_5
- python-dateutil=2.6.1=py35h6b299a3_1
- pytz=2017.3=py35hb294b1a_0
- pywinpty=0.5=py35h6538335_1
- pyyaml=3.12=py35_0
- pyzmq=16.0.3=py35h1861011_0
- qt=5.6.2=vc14_6
- qtconsole=4.3.1=py35hc47b0dd_0
- scikit-learn=0.19.1=py35h2037775_0
- scipy=1.0.0=py35h75710e8_0
- send2trash=1.4.2=py35_0
- simplegeneric=0.8.1=py35_1
- sip=4.18.1=py35h01cbaa7_2
- six=1.11.0=py35hc1da2df_1
- tensorflow=1.2.1=py35_0
- terminado=0.8.1=py35_1
- testpath=0.3.1=py35h06cf69e_0
- tornado=4.5.3=py35_0
- traitlets=4.3.2=py35h09b975b_0
- vs2015_runtime=14.0.25420=0
- wcwidth=0.1.7=py35h6e80d8a_0
- werkzeug=0.14.1=py35_0
- widgetsnbextension=3.1.0=py35_0
- win_unicode_console=0.5=py35h56988b5_0
- winpty=0.4.3=4
- zlib=1.2.11=vc14h1cdd9ab_1
- certifi=2018.1.18=py35_0
- pip=9.0.1=py35h691316f_4
- python=3.5.4=h1357f44_23
- setuptools=38.4.0=py35_0
- vc=14=h0510ff6_3
- wheel=0.30.0=py35h38a90bc_1
- wincertstore=0.2=py35hfebbdb8_0
- pip:
  - ipython-genutils==0.2.0
  - jupyter-client==5.2.2
  - jupyter-console==5.2.0
  - jupyter-core==4.4.0
  - prompt-toolkit==1.0.15
  - win-unicode-console==0.5

